0_7,7,33942,42134
1_7,7,33943,42135
2_7,7,33952,40100
3_7,7,33953,54689
4_7,7,33955,59043
5_7,7,33956,36004
6_7,7,33956,59044
7_7,7,33957,38053
8_7,7,33957,59045
9_7,7,33959,59047
10_7,7,33964,36012
11_7,7,33964,38060
12_7,7,33964,50348
13_7,7,33965,38061
14_7,7,33965,50349
15_7,7,33966,36014
16_7,7,33966,50350
17_7,7,33967,50351
18_7,7,33972,40116
19_7,7,33974,44214
20_7,7,33974,50358
21_7,7,33975,42167
22_7,7,33975,50359
23_7,7,34028,36076
24_7,7,34029,38125
25_7,7,34036,40180
26_7,7,34038,44278
27_7,7,34039,42231
28_7,7,34225,42417
29_7,7,34228,44468
30_7,7,34229,46517
31_7,7,34233,38329
32_7,7,34236,52668
33_7,7,34237,54717
34_7,7,35040,35296
35_7,7,35040,40162
36_7,7,35040,1218784
37_7,7,35041,35047
38_7,7,35041,35299
39_7,7,35041,1218785
40_7,7,35042,35046
41_7,7,35042,35554
42_7,7,35042,36066
43_7,7,35042,39138
44_7,7,35042,362738
45_7,7,35042,1353954
46_7,7,35043,34914
47_7,7,35043,35571
48_7,7,35043,39139
49_7,7,35043,1353955
50_7,7,35046,35558
51_7,7,35046,36070
52_7,7,35046,1353958
53_7,7,35047,34919
54_7,7,35047,35043
55_7,7,35047,35559
56_7,7,35047,1353959
57_7,7,35050,40170
58_7,7,35051,35055
59_7,7,35051,35307
60_7,7,35052,34860
61_7,7,35052,36076
62_7,7,35052,43244
63_7,7,35052,1083628
64_7,7,35053,34924
65_7,7,35053,43245
66_7,7,35053,1083629
67_7,7,35054,34862
68_7,7,35054,35044
69_7,7,35054,44270
70_7,7,35054,100590
71_7,7,35054,1083630
72_7,7,35055,34991
73_7,7,35055,35047
74_7,7,35055,35567
75_7,7,35055,43247
76_7,7,35055,1083631
77_7,7,35070,35054
78_7,7,35128,35072
79_7,7,35128,52600
80_7,7,35128,1624376
81_7,7,35129,35112
82_7,7,35129,35321
83_7,7,35129,1218873
84_7,7,35129,1624377
85_7,7,35131,35080
86_7,7,35131,35099
87_7,7,35131,35129
88_7,7,35131,35259
89_7,7,35131,1624379
90_7,7,35135,35097
91_7,7,35135,1624383
92_7,7,35176,35192
93_7,7,35177,43369
94_7,7,35178,35195
95_7,7,35178,35198
96_7,7,35179,47467
97_7,7,35180,43372
98_7,7,35181,43373
99_7,7,35182,35118
100_7,7,35182,44398
101_7,7,35183,34927
102_7,7,35183,35119
103_7,7,35183,43375
104_7,7,35184,35185
105_7,7,35184,35192
106_7,7,35184,36208
107_7,7,35184,51568
108_7,7,35184,1218928
109_7,7,35185,51569
110_7,7,35185,1218929
111_7,7,35186,35315
112_7,7,35186,40306
113_7,7,35186,52594
114_7,7,35186,55666
115_7,7,35186,100722
116_7,7,35186,297330
117_7,7,35186,1083762
118_7,7,35187,34929
119_7,7,35187,55667
120_7,7,35187,297331
121_7,7,35187,1083763
122_7,7,35190,35191
123_7,7,35190,35198
124_7,7,35190,35702
125_7,7,35190,52598
126_7,7,35190,1083766
127_7,7,35191,34935
128_7,7,35191,35703
129_7,7,35191,51575
130_7,7,35191,1083767
131_7,7,35192,35136
132_7,7,35192,35320
133_7,7,35192,36216
134_7,7,35192,51576
135_7,7,35192,100728
136_7,7,35192,1218936
137_7,7,35193,35169
138_7,7,35193,35176
139_7,7,35193,35184
140_7,7,35193,51577
141_7,7,35193,1218937
142_7,7,35194,35162
143_7,7,35194,35186
144_7,7,35194,35322
145_7,7,35194,40314
146_7,7,35194,52602
147_7,7,35194,55674
148_7,7,35194,100730
149_7,7,35194,1083770
150_7,7,35195,35146
151_7,7,35195,35194
152_7,7,35195,35323
153_7,7,35195,55675
154_7,7,35195,1083771
155_7,7,35196,35160
156_7,7,35196,35176
157_7,7,35196,36220
158_7,7,35196,51580
159_7,7,35196,231804
160_7,7,35196,1083772
161_7,7,35197,35152
162_7,7,35197,35165
163_7,7,35197,35189
164_7,7,35197,35193
165_7,7,35197,35196
166_7,7,35197,51581
167_7,7,35197,166269
168_7,7,35197,1083773
169_7,7,35198,35170
170_7,7,35198,35194
171_7,7,35198,35326
172_7,7,35198,52606
173_7,7,35198,100734
174_7,7,35198,1083774
175_7,7,35199,34943
176_7,7,35199,35135
177_7,7,35199,35163
178_7,7,35199,35178
179_7,7,35199,35190
180_7,7,35199,51583
181_7,7,35199,1083775
182_7,7,35320,34872
183_7,7,35321,35193
184_7,7,35322,35066
185_7,7,35322,35258
186_7,7,35323,34939
187_7,7,35323,35259
188_7,7,35326,35134
189_7,7,35327,35199
190_7,7,35618,35638
191_7,7,35619,47907
192_7,7,35623,35631
193_7,7,35626,35631
194_7,7,35626,35758
195_7,7,35627,35619
196_7,7,35627,56107
197_7,7,35628,35629
198_7,7,35628,36652
199_7,7,35628,60204
200_7,7,35628,1624876
201_7,7,35629,60205
202_7,7,35629,1624877
203_7,7,35630,35118
204_7,7,35630,35622
205_7,7,35630,44846
206_7,7,35630,60206
207_7,7,35630,101166
208_7,7,35630,1624878
209_7,7,35631,35618
210_7,7,35631,35627
211_7,7,35631,35759
212_7,7,35631,60207
213_7,7,35631,1624879
214_7,7,35646,35134
215_7,7,35646,35630
216_7,7,35647,35135
217_7,7,35647,35623
218_7,7,35692,35436
219_7,7,35692,44908
220_7,7,35693,35437
221_7,7,35693,35629
222_7,7,35702,35124
223_7,7,35702,35703
224_7,7,35702,53110
225_7,7,35702,1084278
226_7,7,35703,35127
227_7,7,35703,35447
228_7,7,35703,35638
229_7,7,35703,35699
230_7,7,35703,52087
231_7,7,35703,1084279
232_7,7,35710,35190
233_7,7,35710,35694
234_7,7,35711,35199
235_7,7,35711,35695
236_7,7,36076,33004
237_7,7,36077,34029
238_7,7,36077,35053
239_7,7,36078,33006
240_7,7,36079,35055
241_7,7,36085,36341
242_7,7,36086,33014
243_7,7,36087,34039
244_7,7,36087,36599
245_7,7,36208,36216
246_7,7,36208,36336
247_7,7,36208,101744
248_7,7,36208,298352
249_7,7,36209,34160
250_7,7,36209,35184
251_7,7,36209,35889
252_7,7,36209,40305
253_7,7,36209,167281
254_7,7,36209,298353
255_7,7,36211,35186
256_7,7,36211,36339
257_7,7,36211,52595
258_7,7,36211,298355
259_7,7,36212,33140
260_7,7,36212,36220
261_7,7,36212,232820
262_7,7,36212,363892
263_7,7,36213,34164
264_7,7,36213,35893
265_7,7,36213,36221
266_7,7,36213,40309
267_7,7,36213,44405
268_7,7,36213,429429
269_7,7,36215,36727
270_7,7,36215,52599
271_7,7,36215,298359
272_7,7,36216,36160
273_7,7,36216,36344
274_7,7,36216,101752
275_7,7,36217,34169
276_7,7,36217,35193
277_7,7,36217,35897
278_7,7,36217,36201
279_7,7,36217,36209
280_7,7,36217,40313
281_7,7,36217,167289
282_7,7,36219,35195
283_7,7,36219,36211
284_7,7,36220,33148
285_7,7,36220,36184
286_7,7,36220,232828
287_7,7,36221,34173
288_7,7,36221,35901
289_7,7,36221,36177
290_7,7,36221,36217
291_7,7,36221,40317
292_7,7,36221,167293
293_7,7,36223,35199
294_7,7,36272,36280
295_7,7,36272,298416
296_7,7,36273,298417
297_7,7,36274,298418
298_7,7,36275,298419
299_7,7,36276,36286
300_7,7,36276,363956
301_7,7,36276,429492
302_7,7,36277,36285
303_7,7,36277,44469
304_7,7,36277,429493
305_7,7,36278,36150
306_7,7,36278,363958
307_7,7,36279,36151
308_7,7,36279,44471
309_7,7,36279,298423
310_7,7,36280,36224
311_7,7,36280,36344
312_7,7,36280,40376
313_7,7,36280,101816
314_7,7,36280,167352
315_7,7,36280,560568
316_7,7,36281,34233
317_7,7,36281,35257
318_7,7,36281,36265
319_7,7,36281,36273
320_7,7,36281,40377
321_7,7,36281,167353
322_7,7,36281,560569
323_7,7,36282,33210
324_7,7,36282,36242
325_7,7,36282,36248
326_7,7,36282,36272
327_7,7,36282,101818
328_7,7,36282,560570
329_7,7,36283,35259
330_7,7,36283,36233
331_7,7,36283,36281
332_7,7,36283,40379
333_7,7,36283,560571
334_7,7,36284,33212
335_7,7,36284,36252
336_7,7,36284,36268
337_7,7,36284,36348
338_7,7,36284,232892
339_7,7,36284,626108
340_7,7,36284,691644
341_7,7,36285,34237
342_7,7,36285,36245
343_7,7,36285,36269
344_7,7,36285,36349
345_7,7,36285,40381
346_7,7,36285,52669
347_7,7,36285,691645
348_7,7,36286,33214
349_7,7,36286,36260
350_7,7,36286,36284
351_7,7,36286,36350
352_7,7,36286,626110
353_7,7,36287,34239
354_7,7,36287,36159
355_7,7,36287,36253
356_7,7,36287,36277
357_7,7,36287,52671
358_7,7,36287,560575
359_7,7,36344,35896
360_7,7,36345,36217
361_7,7,36345,36281
362_7,7,36346,36090
363_7,7,36346,36282
364_7,7,36347,36283
365_7,7,36348,36092
366_7,7,36348,36220
367_7,7,36349,36029
368_7,7,36349,36221
369_7,7,36350,36158
370_7,7,36351,36287
371_7,7,36644,36654
372_7,7,36644,429860
373_7,7,36645,429861
374_7,7,36647,36655
375_7,7,36647,36663
376_7,7,36651,36655
377_7,7,36652,36364
378_7,7,36652,53036
379_7,7,36652,102188
380_7,7,36652,692012
381_7,7,36653,34604
382_7,7,36653,35628
383_7,7,36653,36365
384_7,7,36653,53037
385_7,7,36653,692013
386_7,7,36654,36142
387_7,7,36654,36398
388_7,7,36654,36646
389_7,7,36654,36652
390_7,7,36654,53038
391_7,7,36654,102190
392_7,7,36654,560942
393_7,7,36655,35631
394_7,7,36655,36399
395_7,7,36655,36643
396_7,7,36655,36783
397_7,7,36655,44847
398_7,7,36655,53039
399_7,7,36655,560943
400_7,7,36660,36726
401_7,7,36660,233268
402_7,7,36660,692020
403_7,7,36661,36663
404_7,7,36661,40757
405_7,7,36661,692021
406_7,7,36662,36150
407_7,7,36662,36646
408_7,7,36662,53046
409_7,7,36662,364342
410_7,7,36662,823094
411_7,7,36663,34615
412_7,7,36663,36645
413_7,7,36663,36727
414_7,7,36663,44855
415_7,7,36663,53047
416_7,7,36663,823095
417_7,7,36670,36158
418_7,7,36670,36654
419_7,7,36670,36662
420_7,7,36671,36159
421_7,7,36671,36647
422_7,7,36716,36460
423_7,7,36716,36652
424_7,7,36717,36461
425_7,7,36717,44909
426_7,7,36724,36212
427_7,7,36724,233332
428_7,7,36725,36213
429_7,7,36725,40821
430_7,7,36726,33654
431_7,7,36726,36148
432_7,7,36726,36194
433_7,7,36726,36662
434_7,7,36726,36710
435_7,7,36726,36724
436_7,7,36726,364406
437_7,7,36727,36151
438_7,7,36727,36199
439_7,7,36727,44919
440_7,7,36727,53111
441_7,7,36727,298871
442_7,7,36734,36214
443_7,7,36734,36718
444_7,7,36798,36270
445_7,7,36798,36790
446_7,7,36799,36287
447_7,7,36799,36791
448_7,7,39353,563641
449_7,7,39356,629180
450_7,7,39357,39421
451_7,7,39357,694717
452_7,7,39359,35263
453_7,7,39417,39289
454_7,7,39417,39353
455_7,7,39420,39164
456_7,7,39421,39101
457_7,7,39421,39293
458_7,7,39423,39167
459_7,7,39572,39615
460_7,7,39574,39606
461_7,7,39574,1424022
462_7,7,39575,39583
463_7,7,39575,39607
464_7,7,39575,47767
465_7,7,39582,37530
466_7,7,39582,39838
467_7,7,39582,1694366
468_7,7,39583,37535
469_7,7,39583,39573
470_7,7,39583,39582
471_7,7,39583,39839
472_7,7,39583,55967
473_7,7,39583,563871
474_7,7,39584,39585
475_7,7,39585,37408
476_7,7,39585,39587
477_7,7,39585,170657
478_7,7,39585,563873
479_7,7,39587,35457
480_7,7,39587,301731
481_7,7,39587,1088163
482_7,7,39588,39591
483_7,7,39588,39596
484_7,7,39588,40613
485_7,7,39589,35489
486_7,7,39589,39597
487_7,7,39589,301733
488_7,7,39589,563877
489_7,7,39589,1219237
490_7,7,39591,35495
491_7,7,39591,39589
492_7,7,39591,301735
493_7,7,39591,1088167
494_7,7,39594,39554
495_7,7,39594,39584
496_7,7,39594,39595
497_7,7,39594,105130
498_7,7,39594,563882
499_7,7,39595,37418
500_7,7,39595,39555
501_7,7,39595,39585
502_7,7,39595,563883
503_7,7,39596,39044
504_7,7,39596,40621
505_7,7,39596,236204
506_7,7,39596,563884
507_7,7,39596,1153708
508_7,7,39596,1219244
509_7,7,39597,35497
510_7,7,39597,39045
511_7,7,39597,563885
512_7,7,39597,1219245
513_7,7,39598,39564
514_7,7,39598,39599
515_7,7,39598,40622
516_7,7,39598,47790
517_7,7,39598,563886
518_7,7,39598,1153710
519_7,7,39599,35503
520_7,7,39599,39558
521_7,7,39599,39567
522_7,7,39599,47791
523_7,7,39599,563887
524_7,7,39599,1088175
525_7,7,39604,39607
526_7,7,39604,39614
527_7,7,39604,39676
528_7,7,39604,57077
529_7,7,39605,432821
530_7,7,39605,826037
531_7,7,39606,37558
532_7,7,39606,39670
533_7,7,39606,367286
534_7,7,39606,826038
535_7,7,39606,1694390
536_7,7,39607,37559
537_7,7,39607,39606
538_7,7,39607,39671
539_7,7,39607,55991
540_7,7,39607,826039
541_7,7,39607,1088183
542_7,7,39614,39678
543_7,7,39614,1694398
544_7,7,39615,37567
545_7,7,39615,39575
546_7,7,39615,39604
547_7,7,39615,55999
548_7,7,39615,563903
549_7,7,39644,39676
550_7,7,39645,39679
551_7,7,39646,39582
552_7,7,39646,47838
553_7,7,39657,39008
554_7,7,39657,39145
555_7,7,39657,39649
556_7,7,39657,170729
557_7,7,39659,39018
558_7,7,39659,39531
559_7,7,39659,39657
560_7,7,39659,1088235
561_7,7,39660,39084
562_7,7,39660,39588
563_7,7,39660,40684
564_7,7,39660,236268
565_7,7,39660,1153772
566_7,7,39661,39012
567_7,7,39661,39149
568_7,7,39661,39653
569_7,7,39661,40685
570_7,7,39661,56045
571_7,7,39661,1219309
572_7,7,39663,39023
573_7,7,39663,47855
574_7,7,39663,1088239
575_7,7,39664,39136
576_7,7,39664,39666
577_7,7,39664,170736
578_7,7,39664,367344
579_7,7,39665,39072
580_7,7,39665,39153
581_7,7,39665,39601
582_7,7,39665,39649
583_7,7,39665,39664
584_7,7,39665,39667
585_7,7,39665,170737
586_7,7,39665,301809
587_7,7,39665,1088241
588_7,7,39666,35536
589_7,7,39666,39138
590_7,7,39666,39522
591_7,7,39666,367346
592_7,7,39666,1088242
593_7,7,39667,35537
594_7,7,39667,39074
595_7,7,39667,39155
596_7,7,39667,39603
597_7,7,39667,39651
598_7,7,39667,39666
599_7,7,39667,301811
600_7,7,39667,1088243
601_7,7,39668,39540
602_7,7,39668,40694
603_7,7,39668,56052
604_7,7,39668,236276
605_7,7,39668,367348
606_7,7,39668,432884
607_7,7,39668,1153780
608_7,7,39668,1219316
609_7,7,39669,39125
610_7,7,39669,39668
611_7,7,39669,39671
612_7,7,39669,40693
613_7,7,39669,56053
614_7,7,39669,432885
615_7,7,39669,1219317
616_7,7,39670,37622
617_7,7,39670,39542
618_7,7,39670,56054
619_7,7,39670,367350
620_7,7,39670,1153782
621_7,7,39671,37623
622_7,7,39671,39127
623_7,7,39671,39543
624_7,7,39671,39605
625_7,7,39671,39655
626_7,7,39671,39670
627_7,7,39671,56055
628_7,7,39671,301815
629_7,7,39671,1088247
630_7,7,39673,39137
631_7,7,39673,39600
632_7,7,39673,170745
633_7,7,39674,39466
634_7,7,39674,39546
635_7,7,39674,39576
636_7,7,39674,39642
637_7,7,39674,39658
638_7,7,39674,39672
639_7,7,39674,105210
640_7,7,39674,1088250
641_7,7,39675,39147
642_7,7,39675,39530
643_7,7,39675,39610
644_7,7,39675,39643
645_7,7,39675,39673
646_7,7,39675,1088251
647_7,7,39676,39476
648_7,7,39676,39516
649_7,7,39676,39668
650_7,7,39676,39678
651_7,7,39676,40700
652_7,7,39676,56060
653_7,7,39676,236284
654_7,7,39676,1153788
655_7,7,39676,1219324
656_7,7,39677,39548
657_7,7,39677,39604
658_7,7,39677,57085
659_7,7,39677,1219325
660_7,7,39678,39486
661_7,7,39678,39612
662_7,7,39678,40702
663_7,7,39678,56062
664_7,7,39678,1153790
665_7,7,39679,37631
666_7,7,39679,39167
667_7,7,39679,39551
668_7,7,39679,39615
669_7,7,39679,39647
670_7,7,39679,39677
671_7,7,39679,56063
672_7,7,39679,1088255
673_7,7,39856,39865
674_7,7,39857,39729
675_7,7,39857,433073
676_7,7,39859,39603
677_7,7,39864,39608
678_7,7,39864,629688
679_7,7,39865,39449
680_7,7,39865,39728
681_7,7,39865,39857
682_7,7,39865,39867
683_7,7,39865,695225
684_7,7,39865,1088441
685_7,7,39867,39609
686_7,7,39867,39835
687_7,7,39868,39580
688_7,7,39868,1153980
689_7,7,39869,39325
690_7,7,39869,39581
691_7,7,39869,39868
692_7,7,39869,40893
693_7,7,39869,695229
694_7,7,39869,1219517
695_7,7,39871,35775
696_7,7,39871,39615
697_7,7,39871,39869
698_7,7,39928,39672
699_7,7,39929,39673
700_7,7,39929,39737
701_7,7,39931,39675
702_7,7,39933,39677
703_7,7,39933,39869
704_7,7,40683,39659
705_7,7,40684,36584
706_7,7,40684,40108
707_7,7,40684,40612
708_7,7,40684,237292
709_7,7,40685,35561
710_7,7,40685,36589
711_7,7,40685,39533
712_7,7,40685,40037
713_7,7,40685,40173
714_7,7,40685,40677
715_7,7,40685,40681
716_7,7,40685,40684
717_7,7,40685,171757
718_7,7,40687,39661
719_7,7,40687,40623
720_7,7,40692,36596
721_7,7,40692,38644
722_7,7,40692,237300
723_7,7,40692,433908
724_7,7,40693,35573
725_7,7,40693,36565
726_7,7,40693,38645
727_7,7,40693,39605
728_7,7,40693,40692
729_7,7,40693,433909
730_7,7,40694,37620
731_7,7,40694,38614
732_7,7,40694,39670
733_7,7,40694,40182
734_7,7,40694,40566
735_7,7,40694,40690
736_7,7,40694,40692
737_7,7,40694,368374
738_7,7,40695,36597
739_7,7,40695,38643
740_7,7,40695,38646
741_7,7,40695,39669
742_7,7,40695,40119
743_7,7,40695,40151
744_7,7,40695,40567
745_7,7,40695,40679
746_7,7,40695,302839
747_7,7,40702,37630
748_7,7,40702,38558
749_7,7,40702,38638
750_7,7,40702,39670
751_7,7,40703,39679
752_7,7,40880,368560
753_7,7,40881,40889
754_7,7,40881,434097
755_7,7,40883,40627
756_7,7,40888,40632
757_7,7,40888,630712
758_7,7,40889,37809
759_7,7,40889,38841
760_7,7,40889,39865
761_7,7,40889,40473
762_7,7,40889,40633
763_7,7,40889,40753
764_7,7,40889,40873
765_7,7,40889,696249
766_7,7,40891,36659
767_7,7,40891,36763
768_7,7,40891,40633
769_7,7,40892,36796
770_7,7,40892,40604
771_7,7,40893,35773
772_7,7,40893,38845
773_7,7,40893,39861
774_7,7,40893,40349
775_7,7,40893,40605
776_7,7,40893,40749
777_7,7,40893,40761
778_7,7,40893,40892
779_7,7,40893,696253
780_7,7,40895,36799
781_7,7,40895,40639
782_7,7,40952,40696
783_7,7,40953,40697
784_7,7,40953,40761
785_7,7,40957,40701
786_7,7,40957,40893
787_7,7,48020,48086
788_7,7,48021,703381
789_7,7,48022,637846
790_7,7,48022,834454
791_7,7,48023,35735
792_7,7,48023,834455
793_7,7,48055,43959
794_7,7,48086,48094
795_7,7,48086,375766
796_7,7,48086,1358806
797_7,7,48087,35799
798_7,7,48087,47767
799_7,7,48087,47958
800_7,7,48087,48020
801_7,7,48087,1358807
802_7,7,48094,39390
803_7,7,48094,39772
804_7,7,48094,48070
805_7,7,48095,47583
806_7,7,48095,48087
807_7,7,48117,39925
808_7,7,48117,47605
809_7,7,48119,44023
810_7,7,48119,48117
811_7,7,49118,40796
812_7,7,49141,40949
813_7,7,101744,105840
814_7,7,101745,36209
815_7,7,101745,105841
816_7,7,101746,3442
817_7,7,101747,68979
818_7,7,101747,105843
819_7,7,101747,118131
820_7,7,101750,3446
821_7,7,101751,109943
822_7,7,101752,105848
823_7,7,101753,36217
824_7,7,101753,68985
825_7,7,101753,105849
826_7,7,101754,3450
827_7,7,101755,68987
828_7,7,101756,3452
829_7,7,101757,36221
830_7,7,101757,105853
831_7,7,101758,3454
832_7,7,101759,68991
833_7,7,102187,106283
834_7,7,102188,118572
835_7,7,102189,36653
836_7,7,102189,118573
837_7,7,102190,118574
838_7,7,102191,69423
839_7,7,102191,110383
840_7,7,102191,118575
841_7,7,102253,110445
842_7,7,102262,3958
843_7,7,102263,110455
844_7,7,103864,103808
845_7,7,103864,103928
846_7,7,103865,38329
847_7,7,103865,98745
848_7,7,103865,103849
849_7,7,103865,234937
850_7,7,103867,71099
851_7,7,103867,103483
852_7,7,103867,103819
853_7,7,103867,103859
854_7,7,103867,105915
855_7,7,103867,1152443
856_7,7,103871,120255
857_7,7,103928,103480
858_7,7,103929,103801
859_7,7,103929,103865
860_7,7,103931,103867
861_7,7,103932,103676
862_7,7,103933,103613
863_7,7,103933,103805
864_7,7,103935,103871
865_7,7,104013,104029
866_7,7,104013,366157
867_7,7,104020,5716
868_7,7,104020,38464
869_7,7,104020,104276
870_7,7,104021,38484
871_7,7,104021,104277
872_7,7,104022,5718
873_7,7,104022,38466
874_7,7,104022,99924
875_7,7,104022,102996
876_7,7,104022,103446
877_7,7,104022,112214
878_7,7,104023,71255
879_7,7,104023,102999
880_7,7,104023,103447
881_7,7,104023,112215
882_7,7,104023,1152599
883_7,7,104030,5726
884_7,7,104030,38474
885_7,7,104030,103004
886_7,7,104030,104286
887_7,7,104030,120414
888_7,7,104031,71263
889_7,7,104031,103007
890_7,7,104052,5748
891_7,7,104052,70196
892_7,7,104052,104004
893_7,7,104053,38516
894_7,7,104053,98933
895_7,7,104053,104033
896_7,7,104053,235125
897_7,7,104055,103479
898_7,7,104055,112247
899_7,7,104055,1152631
900_7,7,104063,71295
901_7,7,104083,104127
902_7,7,104087,104095
903_7,7,104087,104119
904_7,7,104087,366231
905_7,7,104094,5790
906_7,7,104094,99996
907_7,7,104094,103068
908_7,7,104094,120478
909_7,7,104095,103071
910_7,7,104095,104351
911_7,7,104095,120479
912_7,7,104095,628383
913_7,7,104096,104100
914_7,7,104097,120481
915_7,7,104097,235173
916_7,7,104099,71330
917_7,7,104099,104103
918_7,7,104099,106147
919_7,7,104099,120483
920_7,7,104099,1152675
921_7,7,104100,38432
922_7,7,104100,104108
923_7,7,104100,120484
924_7,7,104101,71332
925_7,7,104101,99969
926_7,7,104101,120485
927_7,7,104101,366253
928_7,7,104103,71335
929_7,7,104103,120487
930_7,7,104103,1152679
931_7,7,104106,5802
932_7,7,104106,100010
933_7,7,104106,104074
934_7,7,104106,104098
935_7,7,104106,106158
936_7,7,104106,120490
937_7,7,104107,71338
938_7,7,104107,103083
939_7,7,104107,104099
940_7,7,104107,104111
941_7,7,104107,106155
942_7,7,104107,120491
943_7,7,104107,235179
944_7,7,104107,366251
945_7,7,104107,1152683
946_7,7,104108,5804
947_7,7,104108,38440
948_7,7,104108,99976
949_7,7,104108,120492
950_7,7,104109,38572
951_7,7,104109,99977
952_7,7,104109,120493
953_7,7,104110,5806
954_7,7,104110,38442
955_7,7,104110,100014
956_7,7,104110,103086
957_7,7,104110,104078
958_7,7,104110,104102
959_7,7,104110,120494
960_7,7,104111,71343
961_7,7,104111,103087
962_7,7,104111,104103
963_7,7,104111,120495
964_7,7,104111,366255
965_7,7,104111,1152687
966_7,7,104114,5810
967_7,7,104114,103088
968_7,7,104114,120562
969_7,7,104115,103089
970_7,7,104115,122611
971_7,7,104115,235187
972_7,7,104115,628403
973_7,7,104118,5814
974_7,7,104118,103606
975_7,7,104118,103990
976_7,7,104118,104126
977_7,7,104118,106166
978_7,7,104118,112310
979_7,7,104118,120566
980_7,7,104119,103991
981_7,7,104119,104183
982_7,7,104119,112311
983_7,7,104119,120503
984_7,7,104119,366263
985_7,7,104119,628407
986_7,7,104119,1152695
987_7,7,104126,5822
988_7,7,104126,100030
989_7,7,104126,104114
990_7,7,104126,104190
991_7,7,104126,120510
992_7,7,104127,103103
993_7,7,104127,104087
994_7,7,104127,104115
995_7,7,104127,120511
996_7,7,104127,628415
997_7,7,104154,104186
998_7,7,104156,104028
999_7,7,104158,104030
1000_7,7,104158,112350
1001_7,7,104168,103592
1002_7,7,104168,104096
1003_7,7,104168,104172
1004_7,7,104168,106216
1005_7,7,104169,99049
1006_7,7,104169,103521
1007_7,7,104169,104161
1008_7,7,104169,235245
1009_7,7,104169,366313
1010_7,7,104171,71403
1011_7,7,104171,104107
1012_7,7,104172,5868
1013_7,7,104172,38504
1014_7,7,104172,103596
1015_7,7,104172,104100
1016_7,7,104173,71405
1017_7,7,104173,99053
1018_7,7,104173,100041
1019_7,7,104173,103525
1020_7,7,104173,104165
1021_7,7,104173,366317
1022_7,7,104175,71407
1023_7,7,104175,104111
1024_7,7,104176,70320
1025_7,7,104176,103536
1026_7,7,104176,103648
1027_7,7,104176,104032
1028_7,7,104176,106224
1029_7,7,104176,235248
1030_7,7,104177,38641
1031_7,7,104177,99057
1032_7,7,104177,103585
1033_7,7,104177,104161
1034_7,7,104177,235249
1035_7,7,104177,366321
1036_7,7,104178,5874
1037_7,7,104178,100080
1038_7,7,104178,103152
1039_7,7,104178,103538
1040_7,7,104178,103650
1041_7,7,104178,104034
1042_7,7,104178,106226
1043_7,7,104179,103153
1044_7,7,104179,103587
1045_7,7,104179,104163
1046_7,7,104179,106227
1047_7,7,104179,120563
1048_7,7,104179,235251
1049_7,7,104179,366323
1050_7,7,104179,1152755
1051_7,7,104180,5876
1052_7,7,104180,70324
1053_7,7,104180,99060
1054_7,7,104180,103504
1055_7,7,104180,103668
1056_7,7,104180,104052
1057_7,7,104180,104148
1058_7,7,104180,104176
1059_7,7,104181,38645
1060_7,7,104181,99061
1061_7,7,104181,103605
1062_7,7,104181,104053
1063_7,7,104181,104177
1064_7,7,104181,235253
1065_7,7,104181,366325
1066_7,7,104182,5878
1067_7,7,104182,100084
1068_7,7,104182,103506
1069_7,7,104182,103670
1070_7,7,104182,104054
1071_7,7,104182,106230
1072_7,7,104182,112374
1073_7,7,104183,103607
1074_7,7,104183,112375
1075_7,7,104183,120567
1076_7,7,104183,366327
1077_7,7,104183,1152759
1078_7,7,104184,103968
1079_7,7,104184,104056
1080_7,7,104184,104120
1081_7,7,104184,104168
1082_7,7,104184,104176
1083_7,7,104184,106232
1084_7,7,104184,235256
1085_7,7,104185,38649
1086_7,7,104185,71417
1087_7,7,104185,99065
1088_7,7,104185,103649
1089_7,7,104185,104041
1090_7,7,104185,104113
1091_7,7,104185,235257
1092_7,7,104186,5882
1093_7,7,104186,103162
1094_7,7,104186,103978
1095_7,7,104186,104090
1096_7,7,104186,104170
1097_7,7,104186,104190
1098_7,7,104186,106234
1099_7,7,104186,120570
1100_7,7,104187,71419
1101_7,7,104187,103163
1102_7,7,104187,104115
1103_7,7,104188,5884
1104_7,7,104188,99068
1105_7,7,104188,103988
1106_7,7,104188,104024
1107_7,7,104188,104124
1108_7,7,104188,104156
1109_7,7,104188,104180
1110_7,7,104188,104184
1111_7,7,104189,38653
1112_7,7,104189,99069
1113_7,7,104189,103669
1114_7,7,104189,104117
1115_7,7,104189,104185
1116_7,7,104189,235261
1117_7,7,104190,5886
1118_7,7,104190,103998
1119_7,7,104190,104058
1120_7,7,104190,106238
1121_7,7,104190,120574
1122_7,7,104191,71423
1123_7,7,104191,103167
1124_7,7,104191,104127
1125_7,7,104368,104112
1126_7,7,104369,104113
1127_7,7,104369,104377
1128_7,7,104369,366513
1129_7,7,104371,104379
1130_7,7,104371,112563
1131_7,7,104373,497589
1132_7,7,104376,70576
1133_7,7,104376,103944
1134_7,7,104376,104120
1135_7,7,104376,104344
1136_7,7,104376,106424
1137_7,7,104377,38841
1138_7,7,104377,99257
1139_7,7,104377,103961
1140_7,7,104377,104121
1141_7,7,104377,104241
1142_7,7,104377,104345
1143_7,7,104377,235449
1144_7,7,104377,628665
1145_7,7,104379,103995
1146_7,7,104379,106427
1147_7,7,104379,120763
1148_7,7,104379,1152955
1149_7,7,104380,6076
1150_7,7,104380,70580
1151_7,7,104380,103820
1152_7,7,104380,104088
1153_7,7,104381,38845
1154_7,7,104381,99261
1155_7,7,104381,104089
1156_7,7,104381,104249
1157_7,7,104381,759741
1158_7,7,104383,103871
1159_7,7,104383,104127
1160_7,7,104383,104375
1161_7,7,104383,120767
1162_7,7,104383,1152959
1163_7,7,104440,104184
1164_7,7,104440,104376
1165_7,7,104441,104185
1166_7,7,104441,104249
1167_7,7,104444,104060
1168_7,7,104444,104380
1169_7,7,104445,104189
1170_7,7,104445,104381
1171_7,7,106208,38496
1172_7,7,106209,40673
1173_7,7,106209,104161
1174_7,7,106210,38498
1175_7,7,106210,101090
1176_7,7,106210,102112
1177_7,7,106210,105184
1178_7,7,106210,105506
1179_7,7,106210,368354
1180_7,7,106211,73443
1181_7,7,106211,100065
1182_7,7,106211,106083
1183_7,7,106211,106147
1184_7,7,106211,106209
1185_7,7,106211,237283
1186_7,7,106211,368355
1187_7,7,106214,104166
1188_7,7,106214,106210
1189_7,7,106215,40679
1190_7,7,106215,104163
1191_7,7,106215,106087
1192_7,7,106218,7914
1193_7,7,106218,38506
1194_7,7,106218,101066
1195_7,7,106218,102122
1196_7,7,106218,105194
1197_7,7,106219,73451
1198_7,7,106219,105195
1199_7,7,106219,106211
1200_7,7,106220,7916
1201_7,7,106220,100076
1202_7,7,106220,102120
1203_7,7,106220,104168
1204_7,7,106221,101097
1205_7,7,106221,106213
1206_7,7,106221,237293
1207_7,7,106222,7918
1208_7,7,106222,103146
1209_7,7,106222,104174
1210_7,7,106222,105166
1211_7,7,106222,105614
1212_7,7,106222,105710
1213_7,7,106222,106158
1214_7,7,106222,106218
1215_7,7,106222,106220
1216_7,7,106223,73455
1217_7,7,106223,105197
1218_7,7,106223,106159
1219_7,7,106223,106215
1220_7,7,106238,104094
1221_7,7,106238,104174
1222_7,7,106274,106282
1223_7,7,106275,114467
1224_7,7,106275,499499
1225_7,7,106278,106286
1226_7,7,106279,114479
1227_7,7,106280,72480
1228_7,7,106280,106424
1229_7,7,106281,40745
1230_7,7,106281,104233
1231_7,7,106281,105257
1232_7,7,106281,105993
1233_7,7,106281,630697
1234_7,7,106281,761641
1235_7,7,106282,101154
1236_7,7,106282,102186
1237_7,7,106282,106426
1238_7,7,106282,122666
1239_7,7,106282,630570
1240_7,7,106283,100139
1241_7,7,106283,106027
1242_7,7,106283,106299
1243_7,7,106283,122667
1244_7,7,106283,237355
1245_7,7,106283,368427
1246_7,7,106283,630699
1247_7,7,106284,72484
1248_7,7,106284,102184
1249_7,7,106284,105996
1250_7,7,106284,106300
1251_7,7,106284,106412
1252_7,7,106284,122668
1253_7,7,106284,630572
1254_7,7,106285,40749
1255_7,7,106285,101161
1256_7,7,106285,105997
1257_7,7,106285,122669
1258_7,7,106285,761773
1259_7,7,106286,105254
1260_7,7,106286,106030
1261_7,7,106286,106282
1262_7,7,106286,106284
1263_7,7,106286,106302
1264_7,7,106286,106414
1265_7,7,106286,122670
1266_7,7,106286,630574
1267_7,7,106287,73519
1268_7,7,106287,102187
1269_7,7,106287,104235
1270_7,7,106287,106031
1271_7,7,106287,122799
1272_7,7,106287,368431
1273_7,7,106287,630575
1274_7,7,106296,38696
1275_7,7,106297,40761
1276_7,7,106297,104249
1277_7,7,106297,106361
1278_7,7,106298,38698
1279_7,7,106298,101170
1280_7,7,106298,102202
1281_7,7,106298,106042
1282_7,7,106298,122682
1283_7,7,106298,630586
1284_7,7,106299,73531
1285_7,7,106299,100155
1286_7,7,106299,106427
1287_7,7,106299,122683
1288_7,7,106299,237371
1289_7,7,106299,630587
1290_7,7,106302,104238
1291_7,7,106302,106298
1292_7,7,106303,40767
1293_7,7,106303,104255
1294_7,7,106303,106287
1295_7,7,106344,106088
1296_7,7,106344,106280
1297_7,7,106345,106089
1298_7,7,106345,106361
1299_7,7,106345,368489
1300_7,7,106348,106284
1301_7,7,106348,106364
1302_7,7,106349,106093
1303_7,7,106349,106365
1304_7,7,106349,114541
1305_7,7,106349,368493
1306_7,7,106352,38752
1307_7,7,106352,99184
1308_7,7,106352,105584
1309_7,7,106352,106064
1310_7,7,106352,237424
1311_7,7,106353,40817
1312_7,7,106353,104305
1313_7,7,106353,105585
1314_7,7,106353,106065
1315_7,7,106353,237425
1316_7,7,106354,8050
1317_7,7,106354,38754
1318_7,7,106354,101170
1319_7,7,106354,102258
1320_7,7,106354,105330
1321_7,7,106354,105746
1322_7,7,106354,105842
1323_7,7,106354,106322
1324_7,7,106355,73587
1325_7,7,106355,100211
1326_7,7,106355,105331
1327_7,7,106355,105747
1328_7,7,106355,105843
1329_7,7,106355,106323
1330_7,7,106355,237427
1331_7,7,106355,630643
1332_7,7,106358,8054
1333_7,7,106358,102262
1334_7,7,106358,103286
1335_7,7,106358,104294
1336_7,7,106358,105782
1337_7,7,106358,106102
1338_7,7,106358,106354
1339_7,7,106359,105783
1340_7,7,106359,368503
1341_7,7,106360,38760
1342_7,7,106360,99192
1343_7,7,106360,106000
1344_7,7,106360,106104
1345_7,7,106360,106296
1346_7,7,106360,106328
1347_7,7,106360,106352
1348_7,7,106360,237432
1349_7,7,106361,73593
1350_7,7,106361,104313
1351_7,7,106361,105337
1352_7,7,106361,106009
1353_7,7,106361,106105
1354_7,7,106361,106281
1355_7,7,106361,106329
1356_7,7,106361,237433
1357_7,7,106361,630649
1358_7,7,106362,8058
1359_7,7,106362,38762
1360_7,7,106362,102266
1361_7,7,106362,105338
1362_7,7,106362,105810
1363_7,7,106362,106074
1364_7,7,106362,106290
1365_7,7,106363,73595
1366_7,7,106363,105339
1367_7,7,106363,106291
1368_7,7,106363,106297
1369_7,7,106364,8060
1370_7,7,106364,100204
1371_7,7,106364,102268
1372_7,7,106364,104316
1373_7,7,106364,106036
1374_7,7,106364,106092
1375_7,7,106364,106300
1376_7,7,106364,106332
1377_7,7,106364,106356
1378_7,7,106365,101245
1379_7,7,106365,106045
1380_7,7,106365,106105
1381_7,7,106365,122749
1382_7,7,106365,237437
1383_7,7,106365,630653
1384_7,7,106366,8062
1385_7,7,106366,102270
1386_7,7,106366,103294
1387_7,7,106366,104302
1388_7,7,106366,105846
1389_7,7,106366,106078
1390_7,7,106366,106108
1391_7,7,106366,106294
1392_7,7,106366,106362
1393_7,7,106367,73599
1394_7,7,106367,105343
1395_7,7,106367,106303
1396_7,7,106488,106360
1397_7,7,106490,106170
1398_7,7,106490,106362
1399_7,7,106494,106366
1400_7,7,111558,111430
1401_7,7,111559,46023
1402_7,7,111559,111427
1403_7,7,111563,111555
1404_7,7,111563,242635
1405_7,7,111564,110988
1406_7,7,111564,111566
1407_7,7,111564,1160140
1408_7,7,111565,111557
1409_7,7,111565,242637
1410_7,7,111565,1160141
1411_7,7,111566,111044
1412_7,7,111566,111054
1413_7,7,111566,111582
1414_7,7,111566,1160142
1415_7,7,111567,78799
1416_7,7,111567,111183
1417_7,7,111567,111305
1418_7,7,111567,111435
1419_7,7,111567,111559
1420_7,7,111567,373711
1421_7,7,111567,1160143
1422_7,7,111583,111567
1423_7,7,111585,111587
1424_7,7,111587,111073
1425_7,7,111587,111603
1426_7,7,111587,1162211
1427_7,7,111587,1292259
1428_7,7,111591,46055
1429_7,7,111591,111459
1430_7,7,111597,110945
1431_7,7,111597,1293293
1432_7,7,111599,78831
1433_7,7,111599,110947
1434_7,7,111599,111087
1435_7,7,111599,111591
1436_7,7,111599,113647
1437_7,7,111599,1160175
1438_7,7,112460,104268
1439_7,7,112460,111436
1440_7,7,112461,111437
1441_7,7,112461,636749
1442_7,7,112462,100174
1443_7,7,112462,111438
1444_7,7,112463,111439
1445_7,7,112470,108374
1446_7,7,112470,111446
1447_7,7,112471,111447
1448_7,7,112471,636759
1449_7,7,112483,112611
1450_7,7,112485,104293
1451_7,7,112485,108389
1452_7,7,112487,103271
1453_7,7,112487,636775
1454_7,7,112492,107372
1455_7,7,112493,107373
1456_7,7,112493,636781
1457_7,7,112494,108398
1458_7,7,112495,111471
1459_7,7,112500,104308
1460_7,7,112501,104309
1461_7,7,112502,103286
1462_7,7,112502,108406
1463_7,7,112503,103287
1464_7,7,112503,636791
1465_7,7,112510,104318
1466_7,7,112524,14220
1467_7,7,112524,103308
1468_7,7,112524,111492
1469_7,7,112525,111493
1470_7,7,112525,243597
1471_7,7,112526,14222
1472_7,7,112526,100228
1473_7,7,112526,104334
1474_7,7,112526,108430
1475_7,7,112526,112266
1476_7,7,112526,112394
1477_7,7,112526,112518
1478_7,7,112526,114574
1479_7,7,112527,112141
1480_7,7,112527,112399
1481_7,7,112527,112519
1482_7,7,112527,374671
1483_7,7,112527,636815
1484_7,7,112527,1161103
1485_7,7,112542,104350
1486_7,7,112542,112526
1487_7,7,112543,104335
1488_7,7,112545,104353
1489_7,7,112546,103328
1490_7,7,112546,112290
1491_7,7,112546,112610
1492_7,7,112546,114594
1493_7,7,112547,79778
1494_7,7,112547,103329
1495_7,7,112547,103587
1496_7,7,112547,112035
1497_7,7,112547,112291
1498_7,7,112547,114595
1499_7,7,112547,243619
1500_7,7,112547,374691
1501_7,7,112547,1161123
1502_7,7,112550,103846
1503_7,7,112550,112518
1504_7,7,112550,112546
1505_7,7,112550,112614
1506_7,7,112550,374694
1507_7,7,112551,103335
1508_7,7,112551,103847
1509_7,7,112551,112519
1510_7,7,112551,374695
1511_7,7,112551,636839
1512_7,7,112554,104354
1513_7,7,112554,112042
1514_7,7,112555,112043
1515_7,7,112555,1292203
1516_7,7,112556,14252
1517_7,7,112556,107428
1518_7,7,112556,107948
1519_7,7,112556,112548
1520_7,7,112556,112620
1521_7,7,112557,107429
1522_7,7,112557,107949
1523_7,7,112557,112525
1524_7,7,112557,112621
1525_7,7,112557,243629
1526_7,7,112557,636845
1527_7,7,112558,14254
1528_7,7,112558,104358
1529_7,7,112558,108460
1530_7,7,112558,111524
1531_7,7,112558,111914
1532_7,7,112558,112554
1533_7,7,112558,114606
1534_7,7,112559,104359
1535_7,7,112559,111527
1536_7,7,112559,111919
1537_7,7,112559,636847
1538_7,7,112559,1423279
1539_7,7,112574,104374
1540_7,7,112575,104383
1541_7,7,112590,14286
1542_7,7,112590,100302
1543_7,7,112590,112606
1544_7,7,112591,79823
1545_7,7,112591,111567
1546_7,7,112591,112525
1547_7,7,112598,14294
1548_7,7,112598,107414
1549_7,7,112598,108502
1550_7,7,112598,111574
1551_7,7,112598,112342
1552_7,7,112598,112530
1553_7,7,112599,111575
1554_7,7,112599,112279
1555_7,7,112599,112531
1556_7,7,112599,374743
1557_7,7,112606,103902
1558_7,7,112606,104346
1559_7,7,112606,112582
1560_7,7,112607,112599
1561_7,7,112609,104417
1562_7,7,112609,112613
1563_7,7,112610,103394
1564_7,7,112610,108514
1565_7,7,112610,111522
1566_7,7,112610,112354
1567_7,7,112610,114658
1568_7,7,112611,79843
1569_7,7,112611,103395
1570_7,7,112611,103907
1571_7,7,112611,112627
1572_7,7,112611,114659
1573_7,7,112611,243683
1574_7,7,112611,374755
1575_7,7,112611,1161187
1576_7,7,112612,78756
1577_7,7,112612,99812
1578_7,7,112612,108516
1579_7,7,112612,111968
1580_7,7,112612,112608
1581_7,7,112612,114660
1582_7,7,112612,374756
1583_7,7,112613,47077
1584_7,7,112613,99813
1585_7,7,112613,104421
1586_7,7,112613,108517
1587_7,7,112613,112097
1588_7,7,112613,112545
1589_7,7,112613,243685
1590_7,7,112613,374757
1591_7,7,112614,103910
1592_7,7,112614,108518
1593_7,7,112614,111526
1594_7,7,112614,111906
1595_7,7,112614,112582
1596_7,7,112614,112610
1597_7,7,112614,112612
1598_7,7,112614,114662
1599_7,7,112614,374758
1600_7,7,112615,79847
1601_7,7,112615,103399
1602_7,7,112615,103911
1603_7,7,112615,112355
1604_7,7,112615,112423
1605_7,7,112615,112483
1606_7,7,112615,112547
1607_7,7,112615,112583
1608_7,7,112615,374759
1609_7,7,112615,1161191
1610_7,7,112618,104426
1611_7,7,112618,112106
1612_7,7,112620,14316
1613_7,7,112620,107500
1614_7,7,112620,108012
1615_7,7,112620,111532
1616_7,7,112620,111976
1617_7,7,112620,112612
1618_7,7,112620,112616
1619_7,7,112620,114668
1620_7,7,112621,107501
1621_7,7,112621,111977
1622_7,7,112621,112297
1623_7,7,112621,112585
1624_7,7,112621,114669
1625_7,7,112621,243693
1626_7,7,112621,374765
1627_7,7,112621,1161197
1628_7,7,112622,14318
1629_7,7,112622,104430
1630_7,7,112622,108526
1631_7,7,112622,111598
1632_7,7,112622,112110
1633_7,7,112622,112558
1634_7,7,112622,112618
1635_7,7,112622,114670
1636_7,7,112623,79855
1637_7,7,112623,111599
1638_7,7,112628,104436
1639_7,7,112628,112100
1640_7,7,112629,104437
1641_7,7,112629,112101
1642_7,7,112630,14326
1643_7,7,112630,103414
1644_7,7,112630,108534
1645_7,7,112630,111542
1646_7,7,112630,111990
1647_7,7,112630,112102
1648_7,7,112630,112370
1649_7,7,112630,112482
1650_7,7,112630,112594
1651_7,7,112630,112628
1652_7,7,112631,103415
1653_7,7,112631,112119
1654_7,7,112631,112371
1655_7,7,112631,112567
1656_7,7,112631,112599
1657_7,7,112631,112615
1658_7,7,112631,374775
1659_7,7,112631,1161207
1660_7,7,112638,104446
1661_7,7,112638,112622
1662_7,7,114654,106332
1663_7,7,114658,105442
1664_7,7,114658,110562
1665_7,7,114659,105443
1666_7,7,114659,106337
1667_7,7,114659,108515
1668_7,7,114663,112615
1669_7,7,114666,106474
1670_7,7,114668,104428
1671_7,7,114668,106220
1672_7,7,114668,112524
1673_7,7,114669,104429
1674_7,7,114670,106478
1675_7,7,114670,113646
1676_7,7,114671,113647
1677_7,7,127853,111213
1678_7,7,127853,389997
1679_7,7,127855,111471
1680_7,7,127855,127791
1681_7,7,127862,110966
1682_7,7,127862,127798
1683_7,7,127862,127858
1684_7,7,127862,1176438
1685_7,7,127863,110967
1686_7,7,127863,390007
1687_7,7,127863,1176439
1688_7,7,127870,119678
1689_7,7,127870,127854
1690_7,7,127870,127862
1691_7,7,127871,119679
1692_7,7,127871,127855
1693_7,7,128886,120694
1694_7,7,128886,127862
1695_7,7,128887,120695
1696_7,7,128887,127863
1697_7,7,128958,128942
1698_7,7,128959,120767
1699_7,7,128959,128943
1700_7,7,237288,7912
1701_7,7,237289,171753
1702_7,7,237289,204521
1703_7,7,237291,204523
1704_7,7,237292,106220
1705_7,7,237293,73453
1706_7,7,237293,171757
1707_7,7,237295,204527
1708_7,7,237305,171769
1709_7,7,237306,106234
1710_7,7,237306,204538
1711_7,7,237307,204539
1712_7,7,241483,208715
1713_7,7,241484,44876
1714_7,7,241484,110408
1715_7,7,241484,231692
1716_7,7,241484,233292
1717_7,7,241484,240460
1718_7,7,241485,77641
1719_7,7,241485,206669
1720_7,7,241485,231245
1721_7,7,241485,240973
1722_7,7,241485,241421
1723_7,7,241485,241481
1724_7,7,241485,245581
1725_7,7,241485,503629
1726_7,7,241487,208717
1727_7,7,241487,240463
1728_7,7,241487,241479
1729_7,7,241492,175952
1730_7,7,241492,207636
1731_7,7,241492,245588
1732_7,7,241493,207701
1733_7,7,241493,240661
1734_7,7,241493,241477
1735_7,7,241493,241492
1736_7,7,241493,245589
1737_7,7,241494,143186
1738_7,7,241494,175958
1739_7,7,241494,208406
1740_7,7,241494,233286
1741_7,7,241494,239430
1742_7,7,241494,241238
1743_7,7,241494,241430
1744_7,7,241494,503638
1745_7,7,241495,110419
1746_7,7,241495,175955
1747_7,7,241495,208726
1748_7,7,241495,232263
1749_7,7,241495,241239
1750_7,7,241495,241431
1751_7,7,241495,241479
1752_7,7,241495,503639
1753_7,7,241502,143194
1754_7,7,241502,175966
1755_7,7,241502,208478
1756_7,7,241502,240734
1757_7,7,241502,241486
1758_7,7,241502,241494
1759_7,7,241502,241630
1760_7,7,241502,245598
1761_7,7,241502,1290078
1762_7,7,241503,207710
1763_7,7,241503,208733
1764_7,7,241503,241439
1765_7,7,241524,110452
1766_7,7,241524,207668
1767_7,7,241525,77685
1768_7,7,241525,110437
1769_7,7,241525,175989
1770_7,7,241525,207733
1771_7,7,241525,240741
1772_7,7,241525,241013
1773_7,7,241525,241524
1774_7,7,241527,102259
1775_7,7,241527,109939
1776_7,7,241527,110453
1777_7,7,241527,208757
1778_7,7,241527,232311
1779_7,7,241527,233303
1780_7,7,241527,257911
1781_7,7,241535,208767
1782_7,7,241611,208843
1783_7,7,241611,241547
1784_7,7,241612,44620
1785_7,7,241612,110540
1786_7,7,241612,176076
1787_7,7,241612,241100
1788_7,7,241612,241644
1789_7,7,241613,77773
1790_7,7,241613,241645
1791_7,7,241613,245709
1792_7,7,241614,143310
1793_7,7,241614,175950
1794_7,7,241614,208590
1795_7,7,241614,208782
1796_7,7,241614,233422
1797_7,7,241614,240590
1798_7,7,241614,240846
1799_7,7,241614,241422
1800_7,7,241614,241610
1801_7,7,241614,503758
1802_7,7,241615,208847
1803_7,7,241615,240591
1804_7,7,241615,241551
1805_7,7,241615,241607
1806_7,7,241630,173918
1807_7,7,241630,241610
1808_7,7,241633,176097
1809_7,7,241633,241505
1810_7,7,241634,77730
1811_7,7,241634,110562
1812_7,7,241634,173922
1813_7,7,241634,503778
1814_7,7,241635,45027
1815_7,7,241635,110499
1816_7,7,241635,172899
1817_7,7,241635,239587
1818_7,7,241635,240611
1819_7,7,241635,241027
1820_7,7,241635,241603
1821_7,7,241635,503779
1822_7,7,241638,175974
1823_7,7,241638,241634
1824_7,7,241639,176103
1825_7,7,241639,239591
1826_7,7,241639,241511
1827_7,7,241642,110570
1828_7,7,241642,173930
1829_7,7,241642,208874
1830_7,7,241642,240810
1831_7,7,241642,241098
1832_7,7,241643,208875
1833_7,7,241643,241571
1834_7,7,241643,241633
1835_7,7,241643,241642
1836_7,7,241644,44908
1837_7,7,241644,110572
1838_7,7,241644,176108
1839_7,7,241644,241132
1840_7,7,241644,241484
1841_7,7,241645,77805
1842_7,7,241645,206669
1843_7,7,241645,240973
1844_7,7,241645,241605
1845_7,7,241645,245741
1846_7,7,241646,110574
1847_7,7,241646,143342
1848_7,7,241646,175982
1849_7,7,241646,233454
1850_7,7,241646,240622
1851_7,7,241646,241070
1852_7,7,241646,241102
1853_7,7,241646,241358
1854_7,7,241646,241550
1855_7,7,241646,241580
1856_7,7,241646,241612
1857_7,7,241646,241642
1858_7,7,241647,208879
1859_7,7,241647,240623
1860_7,7,241647,241639
1861_7,7,241662,241534
1862_7,7,241662,241646
1863_7,7,245708,241612
1864_7,7,245709,235469
1865_7,7,245709,240589
1866_7,7,245721,243673
1867_7,7,245722,233434
1868_7,7,245722,237466
1869_7,7,245722,241490
1870_7,7,245722,242650
1871_7,7,245723,244699
1872_7,7,245726,175958
1873_7,7,245753,243705
1874_7,7,255574,255830
1875_7,7,255605,255733
1876_7,7,255605,255861
1877_7,7,255607,780023
1878_7,7,255655,124577
1879_7,7,255655,231079
1880_7,7,255662,157354
1881_7,7,255662,190126
1882_7,7,255662,222862
1883_7,7,255662,255150
1884_7,7,255662,1304238
1885_7,7,255663,124587
1886_7,7,255663,190122
1887_7,7,255663,222894
1888_7,7,255663,237743
1889_7,7,255663,239279
1890_7,7,255663,254607
1891_7,7,255663,255151
1892_7,7,255663,1304239
1893_7,7,255678,157374
1894_7,7,255678,189086
1895_7,7,255678,238270
1896_7,7,255678,254494
1897_7,7,255678,779966
1898_7,7,255679,124607
1899_7,7,255679,190143
1900_7,7,255679,238271
1901_7,7,255679,255647
1902_7,7,255679,779967
1903_7,7,255727,222957
1904_7,7,255734,157428
1905_7,7,255734,190166
1906_7,7,255734,222966
1907_7,7,255734,255222
1908_7,7,255734,255574
1909_7,7,255734,255718
1910_7,7,255734,259830
1911_7,7,255734,1304310
1912_7,7,255735,124661
1913_7,7,255735,189174
1914_7,7,255735,222965
1915_7,7,255735,246519
1916_7,7,255735,247527
1917_7,7,255735,254551
1918_7,7,255735,255191
1919_7,7,255735,1304311
1920_7,7,255735,1308407
1921_7,7,255743,222975
1922_7,7,255925,239541
1923_7,7,255925,255541
1924_7,7,255933,92093
1925_7,7,255933,223021
1926_7,7,255933,223117
1927_7,7,255933,255389
1928_7,7,255933,255549
1929_7,7,255933,255773
1930_7,7,255933,1304509
1931_7,7,255935,124863
1932_7,7,255935,255679
1933_7,7,257772,248556
1934_7,7,257772,255724
1935_7,7,257773,249581
1936_7,7,257773,255725
1937_7,7,257774,248558
1938_7,7,257774,255726
1939_7,7,257774,782062
1940_7,7,257790,255742
1941_7,7,257905,157553
1942_7,7,257905,192369
1943_7,7,257905,239393
1944_7,7,257905,241505
1945_7,7,257907,61299
1946_7,7,257907,94002
1947_7,7,257907,118579
1948_7,7,257907,124723
1949_7,7,257907,126579
1950_7,7,257907,239459
1951_7,7,257907,241490
1952_7,7,257907,248675
1953_7,7,257907,249683
1954_7,7,257907,255763
1955_7,7,257907,256865
1956_7,7,257907,257873
1957_7,7,257907,520051
1958_7,7,257911,239479
1959_7,7,257911,255767
1960_7,7,257913,192377
1961_7,7,257913,225145
1962_7,7,257913,239401
1963_7,7,257913,241529
1964_7,7,257913,257849
1965_7,7,257915,225147
1966_7,7,257915,256819
1967_7,7,257915,257913
1968_7,7,257916,61276
1969_7,7,257916,126844
1970_7,7,257916,240508
1971_7,7,257916,249716
1972_7,7,257916,255836
1973_7,7,257916,256820
1974_7,7,257917,94077
1975_7,7,257917,108333
1976_7,7,257917,126813
1977_7,7,257917,126829
1978_7,7,257917,239420
1979_7,7,257917,241533
1980_7,7,257917,249717
1981_7,7,257917,255869
1982_7,7,257917,257405
1983_7,7,257917,257645
1984_7,7,257917,257657
1985_7,7,257917,257853
1986_7,7,257917,257916
1987_7,7,257917,782205
1988_7,7,257919,225151
1989_7,7,257919,256895
1990_7,7,258042,257786
1991_7,7,258042,257914
1992_7,7,258046,257918
1993_7,7,515819,483043
1994_7,7,515820,253676
1995_7,7,515820,446188
1996_7,7,515821,188109
1997_7,7,515821,252652
1998_7,7,515821,253165
1999_7,7,515821,253548
2000_7,7,515821,446181
2001_7,7,515821,498413
2002_7,7,515821,513645
2003_7,7,515821,514669
2004_7,7,515821,514792
2005_7,7,515821,515781
2006_7,7,515823,483053
2007_7,7,515823,515759
2008_7,7,515838,401132
2009_7,7,515838,450302
2010_7,7,515838,499404
2011_7,7,515838,513740
2012_7,7,516089,450553