0_6,6,1108,1364
1_6,6,1109,1365
2_6,6,1110,1238
3_6,6,1110,1622
4_6,6,1111,1623
5_6,6,1182,1158
6_6,6,1183,1167
7_6,6,1184,1191
8_6,6,1185,1187
9_6,6,1185,21921
10_6,6,1187,1203
11_6,6,1187,26275
12_6,6,1191,1185
13_6,6,1191,26279
14_6,6,1194,1199
15_6,6,1196,1197
16_6,6,1196,1260
17_6,6,1196,1708
18_6,6,1196,17580
19_6,6,1197,1709
20_6,6,1197,17581
21_6,6,1198,1188
22_6,6,1198,1774
23_6,6,1198,3246
24_6,6,1198,17582
25_6,6,1199,1167
26_6,6,1199,1191
27_6,6,1199,1195
28_6,6,1199,1198
29_6,6,1199,1711
30_6,6,1199,17583
31_6,6,1214,1198
32_6,6,1260,1068
33_6,6,1260,3308
34_6,6,1261,1132
35_6,6,1261,1196
36_6,6,1261,1221
37_6,6,1261,5357
38_6,6,1263,1199
39_6,6,1268,7412
40_6,6,1269,1271
41_6,6,1269,1525
42_6,6,1270,1078
43_6,6,1270,1250
44_6,6,1270,11510
45_6,6,1271,1143
46_6,6,1271,1255
47_6,6,1271,1783
48_6,6,1271,9463
49_6,6,1278,1262
50_6,6,1278,1270
51_6,6,1457,9649
52_6,6,1460,1469
53_6,6,1461,13749
54_6,6,1463,1207
55_6,6,1465,1441
56_6,6,1465,1456
57_6,6,1465,5561
58_6,6,1467,1435
59_6,6,1467,1465
60_6,6,1468,1436
61_6,6,1468,19900
62_6,6,1469,1428
63_6,6,1469,1468
64_6,6,1469,1533
65_6,6,1469,21949
66_6,6,1471,1215
67_6,6,1471,1437
68_6,6,1532,1276
69_6,6,1533,1213
70_6,6,3308,236
71_6,6,3309,1261
72_6,6,3310,238
73_6,6,3311,2287
74_6,6,3440,3448
75_6,6,3441,1392
76_6,6,3441,3121
77_6,6,3441,7537
78_6,6,3443,2418
79_6,6,3443,3395
80_6,6,3443,3571
81_6,6,3443,19827
82_6,6,3447,3959
83_6,6,3448,2352
84_6,6,3448,3576
85_6,6,3449,1401
86_6,6,3449,2425
87_6,6,3449,3129
88_6,6,3449,3433
89_6,6,3449,3441
90_6,6,3449,7545
91_6,6,3451,2427
92_6,6,3451,3443
93_6,6,3452,380
94_6,6,3452,2356
95_6,6,3452,3404
96_6,6,3452,3416
97_6,6,3453,1405
98_6,6,3453,3133
99_6,6,3453,3409
100_6,6,3453,3449
101_6,6,3453,7549
102_6,6,3455,2431
103_6,6,3577,3449
104_6,6,3578,3322
105_6,6,3578,3514
106_6,6,3579,3515
107_6,6,3879,3887
108_6,6,3885,1836
109_6,6,3885,20269
110_6,6,3887,2863
111_6,6,3887,3875
112_6,6,3887,4015
113_6,6,3887,20271
114_6,6,3948,3692
115_6,6,3949,3693
116_6,6,3949,12141
117_6,6,3958,886
118_6,6,3958,3380
119_6,6,3958,3894
120_6,6,3958,3954
121_6,6,3959,3383
122_6,6,3959,12151
123_6,6,3966,3446
124_6,6,3966,3950
125_6,6,7915,6891
126_6,6,7916,1772
127_6,6,7917,2793
128_6,6,7917,3821
129_6,6,7917,6765
130_6,6,7917,7909
131_6,6,7917,7916
132_6,6,7919,6893
133_6,6,7919,7855
134_6,6,7934,5790
135_6,6,7934,5870
136_6,6,16350,8028